 ============ DISASSEMBLED ============ 

 | 0001 | CONST64          00 00 00 00 00 00 00 00         | 14 00 00 00 00 00 00 00 00
 | 000A | CONST64          08 00 00 00 00 00 00 00         | 14 08 00 00 00 00 00 00 00
 | 0012 | ADD                                              | 31
 | 0014 | CONST64          10 00 00 00 00 00 00 00         | 14 10 00 00 00 00 00 00 00
 | 001C | ADD                                              | 31
 | 001E | CONST64          18 00 00 00 00 00 00 00         | 14 18 00 00 00 00 00 00 00
 | 0026 | ADD                                              | 31
 | 0027 | DEBUGPRINT                                       | F1
 | 0029 | CONST64          20 00 00 00 00 00 00 00         | 14 20 00 00 00 00 00 00 00
 | 0032 | CONST64          28 00 00 00 00 00 00 00         | 14 28 00 00 00 00 00 00 00
 | 003B | CONST64          30 00 00 00 00 00 00 00         | 14 30 00 00 00 00 00 00 00
 | 0043 | SUB                                              | 32
 | 0044 | MUL                                              | 33
 | 0045 | DEBUGPRINT                                       | F1
 | 0047 | CONST64          38 00 00 00 00 00 00 00         | 14 38 00 00 00 00 00 00 00
 | 004F | NEG                                              | 38
 | 0051 | CONST64          40 00 00 00 00 00 00 00         | 14 40 00 00 00 00 00 00 00
 | 005A | CONST64          48 00 00 00 00 00 00 00         | 14 48 00 00 00 00 00 00 00
 | 0062 | SUB                                              | 32
 | 0063 | MUL                                              | 33
 | 0064 | DEBUGPRINT                                       | F1
 | 0066 | CONST64          50 00 00 00 00 00 00 00         | 14 50 00 00 00 00 00 00 00
 | 006F | GISTORE          4A 03                           | 62 4A 03
 | 0072 | CONST64          58 00 00 00 00 00 00 00         | 14 58 00 00 00 00 00 00 00
 | 007B | GFSTORE          BF 03                           | 64 BF 03
 | 007E | CONST64          60 00 00 00 00 00 00 00         | 14 60 00 00 00 00 00 00 00
 | 0087 | GISTORE          62 03                           | 62 62 03
 | 008A | CONSTDYN         68 00 00 00 00 00 00 00         | 17 68 00 00 00 00 00 00 00
 | 0093 | GSSTORE          40 04                           | 66 40 04
 | 0096 | GILOAD           4A 03                           | 61 4A 03
 | 0098 | DEBUGPRINT                                       | F1
 | 009A | GILOAD           4A 03                           | 61 4A 03
 | 009D | GFLOAD           BF 03                           | 63 BF 03
 | 009F | ADD                                              | 31
 | 00A0 | DEBUGPRINT                                       | F1
 | 00A1 | BLOCKIN                                          | 26
 | 00A3 | CONST64          7C 00 00 00 00 00 00 00         | 14 7C 00 00 00 00 00 00 00
 | 00AC | FSTORE           00 00                           | 74 00 00
 | 00AF | CONST64          84 00 00 00 00 00 00 00         | 14 84 00 00 00 00 00 00 00
 | 00B8 | FSTORE           01 00                           | 74 01 00
 | 00BA | BLOCKIN                                          | 26
 | 00BC | CONST64          8C 00 00 00 00 00 00 00         | 14 8C 00 00 00 00 00 00 00
 | 00C5 | FSTORE           02 00                           | 74 02 00
 | 00C8 | CONST64          94 00 00 00 00 00 00 00         | 14 94 00 00 00 00 00 00 00
 | 00D1 | FSTORE           03 00                           | 74 03 00
 | 00D4 | FLOAD            02 00                           | 73 02 00
 | 00D6 | DEBUGPRINT                                       | F1
 | 00D7 | BLOCKOUT                                         | 27
 | 00D9 | FLOAD            00 00                           | 73 00 00
 | 00DB | DEBUGPRINT                                       | F1
 | 00DD | GILOAD           4A 03                           | 61 4A 03
 | 00DF | DEBUGPRINT                                       | F1
 | 00E0 | BLOCKOUT                                         | 27

 ========== DISASSEMBLE DONE ========== 

 ============= BYTE CODES ============= 

14 00 00 00 00 00 00 00 00 14 08 00 00 00 00 00 00 00 31 14 10 00 00 00 00 00 00 00 31 14 18 00 00 00 00 00 00 00 31 f1 14 20 00 00 00 00 00 00 00 14 28 00 00 00 00 00 00 00 14 30 00 00 00 00 00 00 00 32 33 f1 14 38 00 00 00 00 00 00 00 38 14 40 00 00 00 00 00 00 00 14 48 00 00 00 00 00 00 00 32 33 f1 14 50 00 00 00 00 00 00 00 62 4a 03 14 58 00 00 00 00 00 00 00 64 bf 03 14 60 00 00 00 00 00 00 00 62 62 03 17 68 00 00 00 00 00 00 00 66 40 04 61 4a 03 f1 61 4a 03 63 bf 03 31 f1 26 14 7c 00 00 00 00 00 00 00 74 00 00 14 84 00 00 00 00 00 00 00 74 01 00 26 14 8c 00 00 00 00 00 00 00 74 02 00 14 94 00 00 00 00 00 00 00 74 03 00 73 02 00 f1 27 73 00 00 f1 61 4a 03 f1 27

 =========== BYTE CODES DONE ========== 

 =============  BYTE DATA ============= 

01 00 00 00 00 00 00 00 02 00 00 00 00 00 00 00 03 00 00 00 00 00 00 00 04 00 00 00 00 00 00 00 0a 00 00 00 00 00 00 00 02 00 00 00 00 00 00 00 05 00 00 00 00 00 00 00 0a 00 00 00 00 00 00 00 02 00 00 00 00 00 00 00 05 00 00 00 00 00 00 00 0a 00 00 00 00 00 00 00 00 00 00 00 00 00 24 40 0a 00 00 00 00 00 00 00 0c 00 00 00 00 00 00 00 48 65 6c 6c 6f 20 57 6f 72 6c 64 2e 00 00 00 00 00 00 26 40 00 00 00 00 00 00 28 40 00 00 00 00 00 00 2a 40 00 00 00 00 00 00 2c 40 ff ff ff ff ff ff ff ff

 ============ BYTE DATA DONE ========== 

